# This file was generated by Animated Java via MC-Build. It is not recommended to edit this file directly.
$data merge entity $(bone_giftbox) { transformation: [-0.000002588190451025209f,0f,-0.000009659258262890684f,-0.2280511903189075f,0f,0.00001f,0f,0.5f,0.000009659258262890684f,0f,-0.000002588190451025209f,0.11162036414306675f,0f,0f,0f,1f], start_interpolation: 0, interpolation_duration: 1 }
$data merge entity $(bone_head) { transformation: [-0.25881904510252085f,0f,-0.9659258262890683f,-0.21187499999999995f,0f,1f,0f,0f,0.9659258262890683f,0f,-0.25881904510252085f,0.05124999999999999f,0f,0f,0f,1f], start_interpolation: 0, interpolation_duration: 1 }
$data merge entity $(bone_body) { transformation: [-0.25881904510252085f,0f,-0.9659258262890683f,-0.2280511903189075f,0f,1f,0f,0.5f,0.9659258262890683f,0f,-0.25881904510252085f,0.11162036414306675f,0f,0f,0f,1f], start_interpolation: 0, interpolation_duration: 1 }
$data merge entity $(bone_right_arm) { transformation: [-0.7071067811865476f,0.37992819659091537f,-0.596367810529018f,-0.1757689213352945f,0f,0.8433914458128857f,0.537299608346824f,0.5f,0.7071067811865475f,0.3799281965909153f,-0.5963678105290182f,0.1579817365335077f,0f,0f,0f,1f], start_interpolation: 0, interpolation_duration: 1 }
$data merge entity $(bone_left_arm) { transformation: [0.25881904510252074f,0.5189915681571987f,-0.8146535791819436f,-0.0027459240655479666f,0f,0.8433914458128857f,0.537299608346824f,0.359375f,0.9659258262890682f,-0.1390633715662833f,0.2182857686529254f,0.23669548956176373f,0f,0f,0f,1f], start_interpolation: 0, interpolation_duration: 1 }