# This file was generated by Animated Java via MC-Build. It is not recommended to edit this file directly.
$data merge entity $(bone_giftbox) { transformation: [0.0000025881904510251952f,0f,-0.000009659258262890688f,0.029092856985574372f,0f,0.00001f,0f,0.5f,0.000009659258262890688f,0f,0.0000025881904510251952f,0.1009953641430667f,0f,0f,0f,1f], start_interpolation: 0, interpolation_duration: 1 }
$data merge entity $(bone_head) { transformation: [0.2588190451025195f,0f,-0.9659258262890686f,0.012916666666666904f,0f,1f,0f,0f,0.9659258262890686f,0f,0.2588190451025195f,0.04062499999999991f,0f,0f,0f,1f], start_interpolation: 0, interpolation_duration: 1 }
$data merge entity $(bone_body) { transformation: [0.2588190451025195f,0f,-0.9659258262890686f,0.029092856985574372f,0f,1f,0f,0.5f,0.9659258262890686f,0f,0.2588190451025195f,0.1009953641430667f,0f,0f,0f,1f], start_interpolation: 0, interpolation_duration: 1 }
$data merge entity $(bone_right_arm) { transformation: [-0.8191520442889924f,0.30818239460838376f,-0.48374945993831087f,-0.08056283592798033f,0f,0.8433914458128857f,0.537299608346824f,0.5f,0.5735764363510455f,0.4401300725729757f,-0.6908658269734742f,0.06734277619843718f,0f,0f,0f,1f], start_interpolation: 0, interpolation_duration: 1 }
$data merge entity $(bone_left_arm) { transformation: [0.08715574274765742f,0.5352550211218774f,-0.8401820867347286f,-0.20324117601475514f,0f,0.8433914458128857f,0.537299608346824f,0.359375f,0.9961946980917457f,-0.04682874644349283f,0.07350640788684276f,0.18253972656411996f,0f,0f,0f,1f], start_interpolation: 0, interpolation_duration: 1 }