# This file was generated by Animated Java via MC-Build. It is not recommended to edit this file directly.
$data merge entity $(bone_giftbox) { transformation: [0.000004999999999999993f,0f,-0.000008660254037844392f,0.1539583333333337f,0f,0.00001f,0f,0.5f,0.000008660254037844392f,0f,0.000004999999999999993f,0.0616265877365273f,0f,0f,0f,1f], start_interpolation: 0, interpolation_duration: 1 }
$data merge entity $(bone_head) { transformation: [0.4999999999999992f,0f,-0.8660254037844392f,0.12270833333333375f,0f,1f,0f,0f,0.8660254037844392f,0f,0.4999999999999992f,0.007499999999999855f,0f,0f,0f,1f], start_interpolation: 0, interpolation_duration: 1 }
$data merge entity $(bone_body) { transformation: [0.4999999999999992f,0f,-0.8660254037844392f,0.1539583333333337f,0f,1f,0f,0.5f,0.8660254037844392f,0f,0.4999999999999992f,0.0616265877365273f,0f,0f,0f,1f], start_interpolation: 0, interpolation_duration: 1 }
$data merge entity $(bone_right_arm) { transformation: [-0.8660254037844392f,0.26864980417341167f,-0.4216957229064423f,-0.06366984213972113f,0f,0.8433914458128857f,0.537299608346824f,0.5f,0.4999999999999993f,0.4653151102717792f,-0.7303984174084464f,0.05131011839520857f,0f,0f,0f,1f], start_interpolation: 0, interpolation_duration: 1 }
$data merge entity $(bone_left_arm) { transformation: [-7.771561172376096e-16f,0.537299608346824f,-0.8433914458128858f,-0.3354246053493035f,0f,0.8433914458128857f,0.537299608346824f,0.359375f,1f,4.718447854656915e-16f,-6.106226635438361e-16f,0.1470031754730543f,0f,0f,0f,1f], start_interpolation: 0, interpolation_duration: 1 }