# This file was generated by Animated Java via MC-Build. It is not recommended to edit this file directly.
$data merge entity $(bone_giftbox) { transformation: [0.000008660254037844388f,0f,-0.000005f,0.354959921069861f,0f,0.00001f,0f,0.5f,0.000005f,0f,0.000008660254037844388f,-0.09000000000000026f,0f,0f,0f,1f], start_interpolation: 0, interpolation_duration: 1 }
$data merge entity $(bone_head) { transformation: [0.8660254037844387f,0f,-0.5f,0.3008333333333336f,0f,1f,0f,0f,0.5f,0f,0.8660254037844387f,-0.12125000000000026f,0f,0f,0f,1f], start_interpolation: 0, interpolation_duration: 1 }
$data merge entity $(bone_body) { transformation: [0.8660254037844387f,0f,-0.5f,0.354959921069861f,0f,1f,0f,0.5f,0.5f,0f,0.8660254037844387f,-0.09000000000000026f,0f,0f,0f,1f], start_interpolation: 0, interpolation_duration: 1 }
$data merge entity $(bone_right_arm) { transformation: [0.1736481776669313f,0.5291368199903751f,-0.8305784346607052f,0.3375482238309743f,0f,0.8433914458128857f,0.537299608346824f,0.5f,0.9848077530122079f,-0.09330109785058194f,0.14645338762528604f,-0.08335874902141362f,0f,0f,0f,1f], start_interpolation: 0, interpolation_duration: 1 }
$data merge entity $(bone_left_arm) { transformation: [0.9396926207859088f,0.18376728905560594f,-0.2884568631765653f,0.44568733993402365f,0f,0.8433914458128857f,0.537299608346824f,0.359375f,0.34202014332566777f,-0.5048964771146693f,0.7925287180643273f,-0.05171630808441857f,0f,0f,0f,1f], start_interpolation: 0, interpolation_duration: 1 }