# This file was generated by Animated Java via MC-Build. It is not recommended to edit this file directly.
$data merge entity $(bone_giftbox) { transformation: [-0.000009659258262890686f,0f,-0.000002588190451025197f,-0.5141203641430667f,0f,0.00001f,0f,0.5f,0.000002588190451025197f,0f,-0.000009659258262890686f,-0.33632380968109254f,0f,0f,0f,1f], start_interpolation: 0, interpolation_duration: 1 }
$data merge entity $(bone_head) { transformation: [-0.9659258262890685f,0f,-0.2588190451025197f,-0.45374999999999993f,0f,1f,0f,0f,0.2588190451025197f,0f,-0.9659258262890685f,-0.35250000000000004f,0f,0f,0f,1f], start_interpolation: 0, interpolation_duration: 1 }
$data merge entity $(bone_body) { transformation: [-0.9659258262890685f,0f,-0.2588190451025197f,-0.5141203641430667f,0f,1f,0f,0.5f,0.2588190451025197f,0f,-0.9659258262890685f,-0.33632380968109254f,0f,0f,0f,1f], start_interpolation: 0, interpolation_duration: 1 }
$data merge entity $(bone_right_arm) { transformation: [-0.5735764363510456f,-0.4401300725729756f,0.690865826973474f,-0.4804677761984372f,0f,0.8433914458128857f,0.537299608346824f,0.5f,-0.8191520442889921f,0.3081823946083838f,-0.483749459938311f,-0.44597950259464725f,0f,0f,0f,1f], start_interpolation: 0, interpolation_duration: 1 }
$data merge entity $(bone_left_arm) { transformation: [-0.9961946980917455f,0.04682874644349294f,-0.07350640788684293f,-0.59566472656412f,0f,0.8433914458128857f,0.537299608346824f,0.359375f,0.08715574274765764f,0.5352550211218774f,-0.8401820867347285f,-0.568657842681422f,0f,0f,0f,1f], start_interpolation: 0, interpolation_duration: 1 }