# This file was generated by Animated Java via MC-Build. It is not recommended to edit this file directly.
$data merge entity $(bone_giftbox) { transformation: [-0.000008660254037844392f,0f,-0.000004999999999999992f,-0.49912658773652746f,0f,0.00001f,0f,0.5f,0.000004999999999999992f,0f,-0.000008660254037844392f,-0.1675000000000001f,0f,0f,0f,1f], start_interpolation: 0, interpolation_duration: 1 }
$data merge entity $(bone_head) { transformation: [-0.8660254037844392f,0f,-0.49999999999999917f,-0.445f,0f,1f,0f,0f,0.49999999999999917f,0f,-0.8660254037844392f,-0.19875000000000004f,0f,0f,0f,1f], start_interpolation: 0, interpolation_duration: 1 }
$data merge entity $(bone_body) { transformation: [-0.8660254037844392f,0f,-0.49999999999999917f,-0.49912658773652746f,0f,1f,0f,0.5f,0.49999999999999917f,0f,-0.8660254037844392f,-0.1675000000000001f,0f,0f,0f,1f], start_interpolation: 0, interpolation_duration: 1 }
$data merge entity $(bone_right_arm) { transformation: [-0.4999999999999993f,-0.4653151102717792f,0.7303984174084462f,-0.48881011839520866f,0f,0.8433914458128857f,0.537299608346824f,0.5f,-0.866025403784439f,0.26864980417341155f,-0.4216957229064422f,-0.3851281754730549f,0f,0f,0f,1f], start_interpolation: 0, interpolation_duration: 1 }
$data merge entity $(bone_left_arm) { transformation: [-1f,-4.996003610813204e-16f,6.661338147750939e-16f,-0.5845031754730544f,0f,0.8433914458128857f,0.537299608346824f,0.359375f,-8.326672684688674e-16f,0.537299608346824f,-0.8433914458128857f,-0.6568829386826371f,0f,0f,0f,1f], start_interpolation: 0, interpolation_duration: 1 }