# This file was generated by Animated Java via MC-Build. It is not recommended to edit this file directly.
$data merge entity $(bone_giftbox) { transformation: [-0.0000070710678118654815f,0f,-0.00000707106781186547f,-0.4366941738241592f,0f,0.00001f,0f,0.5f,0.00000707106781186547f,0f,-0.0000070710678118654815f,-0.05018082617584096f,0f,0f,0f,1f], start_interpolation: 0, interpolation_duration: 1 }
$data merge entity $(bone_head) { transformation: [-0.7071067811865481f,0f,-0.7071067811865469f,-0.39249999999999996f,0f,1f,0f,0f,0.7071067811865469f,0f,-0.7071067811865481f,-0.09437500000000014f,0f,0f,0f,1f], start_interpolation: 0, interpolation_duration: 1 }
$data merge entity $(bone_body) { transformation: [-0.7071067811865481f,0f,-0.7071067811865469f,-0.4366941738241592f,0f,1f,0f,0.5f,0.7071067811865469f,0f,-0.7071067811865481f,-0.05018082617584096f,0f,0f,0f,1f], start_interpolation: 0, interpolation_duration: 1 }
$data merge entity $(bone_right_arm) { transformation: [-0.9063077870366496f,-0.2270726265134938f,0.3564326267964178f,-0.46237802421779756f,0f,0.8433914458128857f,0.537299608346824f,0.5f,-0.42261826174070033f,0.48695881901646865f,-0.7643722348603169f,-0.16197173588087943f,0f,0f,0f,1f], start_interpolation: 0, interpolation_duration: 1 }
$data merge entity $(bone_left_arm) { transformation: [-0.8191520442889924f,0.3081823946083837f,-0.4837494599383108f,-0.6234806797163615f,0f,0.8433914458128857f,0.537299608346824f,0.359375f,0.5735764363510455f,0.4401300725729759f,-0.6908658269734743f,-0.2106158197072921f,0f,0f,0f,1f], start_interpolation: 0, interpolation_duration: 1 }