# This file was generated by Animated Java via MC-Build. It is not recommended to edit this file directly.
$data merge entity $(bone_giftbox) { transformation: [-0.000005000000000000005f,0f,-0.000008660254037844383f,-0.35187499999999994f,0f,0.00001f,0f,0.5f,0.000008660254037844383f,0f,-0.000005000000000000005f,0.05100158773652736f,0f,0f,0f,1f], start_interpolation: 0, interpolation_duration: 1 }
$data merge entity $(bone_head) { transformation: [-0.5000000000000004f,0f,-0.8660254037844383f,-0.32062499999999994f,0f,1f,0f,0f,0.8660254037844383f,0f,-0.5000000000000004f,-0.0031250000000000284f,0f,0f,0f,1f], start_interpolation: 0, interpolation_duration: 1 }
$data merge entity $(bone_body) { transformation: [-0.5000000000000004f,0f,-0.8660254037844383f,-0.35187499999999994f,0f,1f,0f,0.5f,0.8660254037844383f,0f,-0.5000000000000004f,0.05100158773652736f,0f,0f,0f,1f], start_interpolation: 0, interpolation_duration: 1 }
$data merge entity $(bone_right_arm) { transformation: [-0.9848077530122081f,0.09330109785058113f,-0.14645338762528476f,-0.35851625097858675f,0f,0.8433914458128857f,0.537299608346824f,0.5f,0.17364817766692986f,0.5291368199903751f,-0.8305784346607055f,0.033589890497640426f,0f,0f,0f,1f], start_interpolation: 0, interpolation_duration: 1 }
$data merge entity $(bone_left_arm) { transformation: [-0.34202014332566916f,0.504896477114669f,-0.7925287180643268f,-0.3901586919155823f,0f,0.8433914458128857f,0.537299608346824f,0.359375f,0.9396926207859082f,0.18376728905560666f,-0.2884568631765665f,0.1417290066006896f,0f,0f,0f,1f], start_interpolation: 0, interpolation_duration: 1 }