# This file was generated by Animated Java via MC-Build. It is not recommended to edit this file directly.
$data merge entity $(bone_giftbox) { transformation: [0.000007071067811865461f,0f,-0.00000707106781186549f,0.2766941738241593f,0f,0.00001f,0f,0.5f,0.00000707106781186549f,0f,0.000007071067811865461f,0.018569173824159325f,0f,0f,0f,1f], start_interpolation: 0, interpolation_duration: 1 }
$data merge entity $(bone_head) { transformation: [0.707106781186546f,0f,-0.7071067811865489f,0.23250000000000015f,0f,1f,0f,0f,0.7071067811865489f,0f,0.707106781186546f,-0.02562499999999998f,0f,0f,0f,1f], start_interpolation: 0, interpolation_duration: 1 }
$data merge entity $(bone_body) { transformation: [0.707106781186546f,0f,-0.7071067811865489f,0.2766941738241593f,0f,1f,0f,0.5f,0.7071067811865489f,0f,0.707106781186546f,0.018569173824159325f,0f,0f,0f,1f], start_interpolation: 0, interpolation_duration: 1 }
$data merge entity $(bone_right_arm) { transformation: [-0.42261826174070216f,0.4869588190164681f,-0.764372234860316f,0.16490326411912054f,0f,0.8433914458128857f,0.537299608346824f,0.5f,0.9063077870366486f,0.22707262651349477f,-0.3564326267964193f,0.04425302421779756f,0f,0f,0f,1f], start_interpolation: 0, interpolation_duration: 1 }
$data merge entity $(bone_left_arm) { transformation: [0.5735764363510436f,0.4401300725729764f,-0.6908658269734752f,0.1162591802927072f,0f,0.8433914458128857f,0.537299608346824f,0.359375f,0.8191520442889934f,-0.3081823946083827f,0.4837494599383093f,0.20535567971636148f,0f,0f,0f,1f], start_interpolation: 0, interpolation_duration: 1 }