# This file was generated by Animated Java via MC-Build. It is not recommended to edit this file directly.
$data merge entity $(bone_giftbox) { transformation: [0.000009659258262890678f,0f,-0.0000025881904510252245f,0.42953703080973327f,0f,0.00001f,0f,0.5f,0.0000025881904510252245f,0f,0.000009659258262890678f,-0.200698809681092f,0f,0f,0f,1f], start_interpolation: 0, interpolation_duration: 1 }
$data merge entity $(bone_head) { transformation: [0.9659258262890678f,0f,-0.2588190451025224f,0.36916666666666653f,0f,1f,0f,0f,0.2588190451025224f,0f,0.9659258262890678f,-0.21687499999999965f,0f,0f,0f,1f], start_interpolation: 0, interpolation_duration: 1 }
$data merge entity $(bone_body) { transformation: [0.9659258262890678f,0f,-0.2588190451025224f,0.42953703080973327f,0f,1f,0f,0.5f,0.2588190451025224f,0f,0.9659258262890678f,-0.200698809681092f,0f,0f,0f,1f], start_interpolation: 0, interpolation_duration: 1 }
$data merge entity $(bone_right_arm) { transformation: [0.7071067811865461f,0.3799281965909159f,-0.5963678105290191f,0.4758984032001743f,0f,0.8433914458128857f,0.537299608346824f,0.5f,0.7071067811865487f,-0.37992819659091465f,0.596367810529017f,-0.2529810786647049f,0f,0f,0f,1f], start_interpolation: 0, interpolation_duration: 1 }
$data merge entity $(bone_left_arm) { transformation: [0.9659258262890686f,-0.13906337156628246f,0.21828576865292404f,0.5546121562284306f,0f,0.8433914458128857f,0.537299608346824f,0.359375f,-0.2588190451025191f,-0.5189915681571988f,0.8146535791819439f,-0.4260040759344513f,0f,0f,0f,1f], start_interpolation: 0, interpolation_duration: 1 }