# This file was generated by Animated Java via MC-Build. It is not recommended to edit this file directly.
$data merge entity $(bone_head) { transformation: [0.9999562819206899f,0.0015167825307850476f,-0.009226788070832687f,0.43750000000000006f,-0.001632589705825527f,0.9999198295808353f,-0.012556634178231262f,0f,0.009207002671998504f,0.012571148785524665f,0.9998785912899676f,-0.3147321428571428f,0f,0f,0f,1f], start_interpolation: 0, interpolation_duration: 1 }
$data merge entity $(bone_right_arm) { transformation: [0.8660254037844385f,0.268649804173412f,-0.421695722906443f,0.53125f,-0.08413716420982942f,0.9096654437941701f,0.4067305225397819f,0.4714546455262288f,0.4928701021554548f,-0.31675868272920815f,0.8103968159592736f,-0.35067126276943184f,0f,0f,0f,1f], start_interpolation: 0, interpolation_duration: 1 }
$data merge entity $(bone_left_arm) { transformation: [0.8660254037844387f,-0.2686498041734119f,0.4216957229064427f,0.5625f,0.08413716420982942f,0.9096654437941701f,0.4067305225397819f,0.3782483374968153f,-0.49287010215545435f,-0.31675868272920826f,0.8103968159592737f,-0.5567947707683403f,0f,0f,0f,1f], start_interpolation: 0, interpolation_duration: 1 }