# This file was generated by Animated Java via MC-Build. It is not recommended to edit this file directly.
$data merge entity $(bone_head) { transformation: [0.9998251319572162f,0.002801349967303751f,-0.018489400885260063f,0.43750000000000006f,-0.0032647598672541885f,0.9996800878004067f,-0.025081136305604004f,0f,0.018413224859984055f,0.02513711387036722f,0.9995144214349906f,-0.31696428571428564f,0f,0f,0f,1f], start_interpolation: 0, interpolation_duration: 1 }
$data merge entity $(bone_right_arm) { transformation: [0.8660254037844385f,0.268649804173412f,-0.4216957229064431f,0.53125f,-0.1658747708766762f,0.9499961550275926f,0.2645616484288694f,0.44260934635958443f,0.4716837503949128f,-0.15916842698970773f,0.8672830284647636f,-0.32458546879936395f,0f,0f,0f,1f], start_interpolation: 0, interpolation_duration: 1 }
$data merge entity $(bone_left_arm) { transformation: [0.8660254037844387f,-0.2686498041734119f,0.42169572290644264f,0.5625000000000001f,0.1658747708766762f,0.9499961550275926f,0.2645616484288694f,0.39868354159948266f,-0.47168375039491234f,-0.15916842698970785f,0.8672830284647638f,-0.5387886986447084f,0f,0f,0f,1f], start_interpolation: 0, interpolation_duration: 1 }