# This file was generated by Animated Java via MC-Build. It is not recommended to edit this file directly.
$data merge entity $(bone_head) { transformation: [0.9996065629324962f,0.0038530982253863508f,-0.02778260204421317f,0.43750000000000006f,-0.004896091002250079f,0.999281948673696f,-0.03757146986475691f,0f,0.0276178861461061f,0.03769271400371927f,0.9989076592337525f,-0.3191964285714285f,0f,0f,0f,1f], start_interpolation: 0, interpolation_duration: 1 }
$data merge entity $(bone_right_arm) { transformation: [0.8660254037844385f,0.26864980417341194f,-0.4216957229064431f,0.53125f,-0.24288169685816996f,0.9632333641087838f,0.11484758421042873f,0.4131727121072713f,0.4370451708133797f,0.002961247247845744f,0.8994346833892057f,-0.29681814635167236f,0f,0f,0f,1f], start_interpolation: 0, interpolation_duration: 1 }
$data merge entity $(bone_left_arm) { transformation: [0.8660254037844387f,-0.26864980417341194f,0.42169572290644264f,0.5625000000000001f,0.24288169685816996f,0.9632333641087838f,0.11484758421042873f,0.4057183167777149f,-0.43704517081337924f,0.002961247247845633f,0.899434683389206f,-0.5154695411465118f,0f,0f,0f,1f], start_interpolation: 0, interpolation_duration: 1 }