# This file was generated by Animated Java via MC-Build. It is not recommended to edit this file directly.
$data merge entity $(bone_head) { transformation: [0.9993005962165491f,0.004671539650543719f,-0.03710114713243805f,0.43750000000000006f,-0.0065261637534912926f,0.9987266118667137f,-0.050025632788572374f,0f,0.03682020624483294f,0.05023277283335918f,0.9980585859284815f,-0.3214285714285714f,0f,0f,0f,1f], start_interpolation: 0, interpolation_duration: 1 }
$data merge entity $(bone_right_arm) { transformation: [0.8660254037844385f,0.26864980417341194f,-0.4216957229064431f,0.53125f,-0.3129617360920298f,0.9489995512437608f,-0.038141886180466045f,0.3828702170115036f,0.3899422415464409f,0.16500646792392232f,0.9059348286720237f,-0.2674927801933049f,0f,0f,0f,1f], start_interpolation: 0, interpolation_duration: 1 }
$data merge entity $(bone_left_arm) { transformation: [0.8660254037844387f,-0.26864980417341194f,0.42169572290644264f,0.5625f,0.3129617360920298f,0.9489995512437608f,-0.038141886180466045f,0.4121372092088463f,-0.38994224154644047f,0.1650064679239221f,0.9059348286720239f,-0.48442375688425493f,0f,0f,0f,1f], start_interpolation: 0, interpolation_duration: 1 }