# This file was generated by Animated Java via MC-Build. It is not recommended to edit this file directly.
$data merge entity $(bone_head) { transformation: [0.9989072617242333f,0.005256303084019545f,-0.0464397863096189f,0.43750000000000006f,-0.008154558950706556f,0.9980153017582986f,-0.06244165776636359f,0f,0.046019405069096575f,0.06275212135203996f,0.9969675950716278f,-0.32366071428571425f,0f,0f,0f,1f], start_interpolation: 0, interpolation_duration: 1 }
$data merge entity $(bone_right_arm) { transformation: [0.8660254037844385f,0.26864980417341183f,-0.4216957229064431f,0.53125f,-0.37411623449553794f,0.9077006589591878f,-0.19004356556309943f,0.35145202931194225f,0.33171831888950576f,0.32234577156005f,0.8865980828258521f,-0.23677728986118807f,0f,0f,0f,1f], start_interpolation: 0, interpolation_duration: 1 }
$data merge entity $(bone_left_arm) { transformation: [0.8660254037844387f,-0.26864980417341205f,0.42169572290644264f,0.5625f,0.37411623449553794f,0.9077006589591878f,-0.19004356556309943f,0.41665389414549525f,-0.3317183188895053f,0.3223457715600498f,0.8865980828258523f,-0.44586108143040415f,0f,0f,0f,1f], start_interpolation: 0, interpolation_duration: 1 }