# This file was generated by Animated Java via MC-Build. It is not recommended to edit this file directly.
$data merge entity $(bone_head) { transformation: [0.9984265979120767f,0.005607133870955955f,-0.0557932669008513f,0.43750000000000006f,-0.009780857672987912f,0.997149266498836f,-0.07481761252548828f,0f,0.055214702796421926f,0.0752456003403955f,0.9956351923393006f,-0.3258928571428571f,0f,0f,0f,1f], start_interpolation: 0, interpolation_duration: 1 }
$data merge entity $(bone_right_arm) { transformation: [0.8660254037844385f,0.26864980417341183f,-0.4216957229064431f,0.53125f,-0.42460109076328933f,0.8405145147873925f,-0.33652528011182065f,0.3187001363454113f,0.26403392532518444f,0.47049190550880043f,0.8419759219408078f,-0.204879240665648f,0f,0f,0f,1f], start_interpolation: 0, interpolation_duration: 1 }
$data merge entity $(bone_left_arm) { transformation: [0.8660254037844387f,-0.26864980417341205f,0.42169572290644264f,0.5625f,0.42460109076328933f,0.8405145147873925f,-0.33652528011182065f,0.41803492329568837f,-0.264033925325184f,0.4704919055088002f,0.8419759219408081f,-0.400203917396704f,0f,0f,0f,1f], start_interpolation: 0, interpolation_duration: 1 }