# This file was generated by Animated Java via MC-Build. It is not recommended to edit this file directly.
$data merge entity $(bone_head) { transformation: [0.997858651774204f,0.0057238938107259f,-0.06515633598516433f,0.43750000000000006f,-0.011404641311070905f,0.9961297770665236f,-0.08715160008837373f,0f,0.06440531993503255f,0.08770806280520362f,0.9940619952915535f,-0.32812499999999994f,0f,0f,0f,1f], start_interpolation: 0, interpolation_duration: 1 }
$data merge entity $(bone_right_arm) { transformation: [0.8660254037844386f,0.26864980417341183f,-0.421695722906443f,0.53125f,-0.46297649742374164f,0.7493572401064289f,-0.4734094311833256f,0.2844345621779676f,0.18881939210061077f,0.6052198025656987f,0.7733409518117429f,-0.17203992401257615f,0f,0f,0f,1f], start_interpolation: 0, interpolation_duration: 1 }
$data merge entity $(bone_left_arm) { transformation: [0.8660254037844386f,-0.26864980417341205f,0.4216957229064427f,0.5625f,0.46297649742374164f,0.7493572401064289f,-0.4734094311833256f,0.41513463383046667f,-0.18881939210061033f,0.6052198025656985f,0.7733409518117431f,-0.3480755432543903f,0f,0f,0f,1f], start_interpolation: 0, interpolation_duration: 1 }