# This file was generated by Animated Java via MC-Build. It is not recommended to edit this file directly.
$data merge entity $(bone_head) { transformation: [0.9972034788373586f,0.005606561049515535f,-0.07452374298079609f,0.43750000000000006f,-0.013025491629574419f,0.9949581263218106f,-0.09944175900495703f,0f,0.07359047738992855f,0.1001343764118503f,0.9922487330796308f,-0.3303571428571428f,0f,0f,0f,1f], start_interpolation: 0, interpolation_duration: 1 }
$data merge entity $(bone_right_arm) { transformation: [0.8660254037844386f,0.2686498041734117f,-0.421695722906443f,0.53125f,-0.4881480035599666f,0.6368286031413488f,-0.5967921387229034f,0.24851850044499582f,0.10821980696905174f,0.7226870781594382f,0.6826506137409937f,-0.13852747587113134f,0f,0f,0f,1f], start_interpolation: 0, interpolation_duration: 1 }
$data merge entity $(bone_left_arm) { transformation: [0.8660254037844386f,-0.26864980417341217f,0.4216957229064427f,0.5625f,0.4881480035599666f,0.6368286031413488f,-0.5967921387229034f,0.4069276006196536f,-0.10821980696905133f,0.722687078159438f,0.6826506137409939f,-0.29028263478309124f,0f,0f,0f,1f], start_interpolation: 0, interpolation_duration: 1 }