# This file was generated by Animated Java via MC-Build. It is not recommended to edit this file directly.
$data merge entity $(bone_head) { transformation: [0.9964611431550218f,0.0052552299152686345f,-0.08389024222592859f,0.43750000000000006f,-0.014642990829192255f,0.9936356280606372f,-0.11168626356056159f,0f,0.08276939652893152f,0.11251942590984325f,0.9901962461003151f,-0.33258928571428564f,0f,0f,0f,1f], start_interpolation: 0, interpolation_duration: 1 }
$data merge entity $(bone_right_arm) { transformation: [0.8660254037844386f,0.2686498041734117f,-0.421695722906443f,0.53125f,-0.4879544956416689f,0.6381146607850251f,-0.5955754275272755f,0.24887696501643308f,0.1090890012012422f,0.7215517738934609f,0.6837123864667918f,-0.13863612515015517f,0f,0f,0f,1f], start_interpolation: 0, interpolation_duration: 1 }
$data merge entity $(bone_left_arm) { transformation: [0.8660254037844386f,-0.26864980417341217f,0.4216957229064427f,0.5625f,0.4879544956416689f,0.6381146607850251f,-0.5955754275272755f,0.4069656577725682f,-0.10908900120124178f,0.7215517738934607f,0.683712386466792f,-0.29089631157250784f,0f,0f,0f,1f], start_interpolation: 0, interpolation_duration: 1 }