# This file was generated by Animated Java via MC-Build. It is not recommended to edit this file directly.
$data merge entity $(bone_head) { transformation: [0.9956317173006273f,0.004670110695134361f,-0.0932505955535895f,0.43750000000000006f,-0.01625672160882798f,0.9921636160670995f,-0.12388332395924087f,0f,0.09194129924868912f,0.12485811555022103f,0.9879054855975397f,-0.3348214285714285f,0f,0f,0f,1f], start_interpolation: 0, interpolation_duration: 1 }
$data merge entity $(bone_right_arm) { transformation: [0.8660254037844386f,0.2686498041734117f,-0.421695722906443f,0.53125f,-0.4877594400411538f,0.6393986944721194f,-0.5943568272999727f,0.24923523612759318f,0.10995784942758823f,0.720414181027093f,0.684771990610249f,-0.1387447311784484f,0f,0f,0f,1f], start_interpolation: 0, interpolation_duration: 1 }
$data merge entity $(bone_left_arm) { transformation: [0.8660254037844386f,-0.26864980417341217f,0.4216957229064427f,0.5625f,0.4877594400411538f,0.6393986944721194f,-0.5943568272999727f,0.4070022252068396f,-0.10995784942758781f,0.7204141810270928f,0.6847719906102492f,-0.29150928447930163f,0f,0f,0f,1f], start_interpolation: 0, interpolation_duration: 1 }