# This file was generated by Animated Java via MC-Build. It is not recommended to edit this file directly.
$data merge entity $(bone_head) { transformation: [0.9947152823598752f,0.003851529355588783f,-0.10259957485943537f,0.43750000000000006f,-0.017866267227665468f,0.9905434431661612f,-0.13603118648264337f,0f,0.10110540804063595f,0.13714537149371495f,0.9853775132114532f,-0.33705357142857134f,0f,0f,0f,1f], start_interpolation: 0, interpolation_duration: 1 }
$data merge entity $(bone_right_arm) { transformation: [0.8660254037844386f,0.2686498041734117f,-0.421695722906443f,0.53125f,-0.487562837377094f,0.6406807001299654f,-0.5931363419061211f,0.24959331385581018f,0.11082634889229852f,0.7192743031685236f,0.6858294228105395f,-0.1388532936115372f,0f,0f,0f,1f], start_interpolation: 0, interpolation_duration: 1 }
$data merge entity $(bone_left_arm) { transformation: [0.8660254037844386f,-0.26864980417341217f,0.4216957229064427f,0.5625f,0.487562837377094f,0.6406807001299654f,-0.5931363419061211f,0.4070373043379027f,-0.1108263488922981f,0.7192743031685234f,0.6858294228105397f,-0.29212155014398017f,0f,0f,0f,1f], start_interpolation: 0, interpolation_duration: 1 }