# This file was generated by Animated Java via MC-Build. It is not recommended to edit this file directly.
$data merge entity $(bone_head) { transformation: [0.9937119279221435f,0.0027999272054294085f,-0.1119319646611325f,0.43750000000000006f,-0.01947121156716673f,0.9887764802770341f,-0.14812813362446198f,0f,0.11026094605690336f,0.14937614420851852f,0.9826135004751525f,-0.33928571428571425f,0f,0f,0f,1f], start_interpolation: 0, interpolation_duration: 1 }
$data merge entity $(bone_right_arm) { transformation: [0.8660254037844386f,0.2686498041734117f,-0.421695722906443f,0.53125f,-0.48736468827306906f,0.6419606736923283f,-0.5919139752168269f,0.24995119827903162f,0.11169449684068726f,0.7181321439331899f,0.6868846797137248f,-0.1389618121050858f,0f,0f,0f,1f], start_interpolation: 0, interpolation_duration: 1 }
$data merge entity $(bone_left_arm) { transformation: [0.8660254037844386f,-0.26864980417341217f,0.4216957229064427f,0.5625f,0.48736468827306906f,0.6419606736923283f,-0.5919139752168269f,0.4070708965884333f,-0.11169449684068684f,0.7181321439331897f,0.686884679713725f,-0.29273310520986207f,0f,0f,0f,1f], start_interpolation: 0, interpolation_duration: 1 }