# This file was generated by Animated Java via MC-Build. It is not recommended to edit this file directly.
$data merge entity $(bone_head) { transformation: [0.9926217520709992f,0.0015158605018708933f,-0.12124256464805816f,0.43750000000000006f,-0.02107113919298912f,0.986864115467846f,-0.16017248420055033f,0f,0.11940713717617292f,0.16154541085652893f,0.9796147282593224f,-0.3415178571428571f,0f,0f,0f,1f], start_interpolation: 0, interpolation_duration: 1 }
$data merge entity $(bone_right_arm) { transformation: [0.8660254037844386f,0.2686498041734117f,-0.421695722906443f,0.53125f,-0.4871649933575635f,0.6432386110994188f,-0.5906897311091635f,0.2503088894758179f,0.11256229051918369f,0.716987706943765f,0.6879377579727666f,-0.13907028631489785f,0f,0f,0f,1f], start_interpolation: 0, interpolation_duration: 1 }
$data merge entity $(bone_left_arm) { transformation: [0.8660254037844386f,-0.26864980417341217f,0.4216957229064427f,0.5625f,0.4871649933575635f,0.6432386110994188f,-0.5906897311091635f,0.40710300338834204f,-0.11256229051918328f,0.7169877069437648f,0.6879377579727668f,-0.29334394632309213f,0f,0f,0f,1f], start_interpolation: 0, interpolation_duration: 1 }