# This file was generated by Animated Java via MC-Build. It is not recommended to edit this file directly.
$data merge entity $(bone_head) { transformation: [0.9914448613738104f,-1.3539824848299815e-15f,-0.1305261922200524f,0.43750000000000006f,-0.02266563541681412f,0.9848077530122082f,-0.1721625934348038f,0f,0.12854320606946962f,0.17364817766692944f,0.9763825861650424f,-0.34374999999999994f,0f,0f,0f,1f], start_interpolation: 0, interpolation_duration: 1 }
$data merge entity $(bone_right_arm) { transformation: [0.8660254037844386f,0.2686498041734117f,-0.421695722906443f,0.53125f,-0.48696375326396496f,0.6445145082979065f,-0.589463613466158f,0.25066638752534254f,0.11342972717534121f,0.7158409958301465f,0.6889886542475372f,-0.13917871589691755f,0f,0f,0f,1f], start_interpolation: 0, interpolation_duration: 1 }
$data merge entity $(bone_left_arm) { transformation: [0.8660254037844386f,-0.26864980417341217f,0.4216957229064427f,0.5625f,0.48696375326396496f,0.6445145082979065f,-0.589463613466158f,0.4071336261747691f,-0.11342972717534079f,0.7158409958301463f,0.6889886542475374f,-0.2939540701326574f,0f,0f,0f,1f], start_interpolation: 0, interpolation_duration: 1 }