# This file was generated by Animated Java via MC-Build. It is not recommended to edit this file directly.
$data merge entity $(bone_head) { transformation: [0.9940560312434003f,-0.000016887694622706f,-0.10886967651015564f,0.43750000000000006f,-0.018936767032778128f,0.9847294596577048f,-0.1730586320776607f,0f,0.10721010028428503f,0.17409161667653794f,0.9788759387174572f,-0.3511979166666666f,0f,0f,0f,1f], start_interpolation: 0, interpolation_duration: 1 }
$data merge entity $(bone_right_arm) { transformation: [0.8660254037844386f,0.2686498041734117f,-0.421695722906443f,0.53125f,-0.4867609686305617f,0.6457883612409311f,-0.5882356261767815f,0.25102369250739165f,0.11429680405784497f,0.7146920142294445f,0.6900373652048288f,-0.1392871005072305f,0f,0f,0f,1f], start_interpolation: 0, interpolation_duration: 1 }
$data merge entity $(bone_left_arm) { transformation: [0.8660254037844386f,-0.26864980417341217f,0.4216957229064427f,0.5625f,0.4867609686305617f,0.6457883612409311f,-0.5882356261767815f,0.40716276639207866f,-0.11429680405784455f,0.7146920142294443f,0.6900373652048291f,-0.29456347329040106f,0f,0f,0f,1f], start_interpolation: 0, interpolation_duration: 1 }