# This file was generated by Animated Java via MC-Build. It is not recommended to edit this file directly.
$data merge entity $(bone_head) { transformation: [0.9961943407268465f,-0.00002457025115309054f,-0.08715982388753665f,0.43750000000000006f,-0.015181340394319629f,0.9846651987441452f,-0.17379290343965437f,0f,0.08582751544601212f,0.1744547098202166f,0.9809175254902466f,-0.3586458333333332f,0f,0f,0f,1f], start_interpolation: 0, interpolation_duration: 1 }
$data merge entity $(bone_right_arm) { transformation: [0.8660254037844386f,0.2686498041734117f,-0.421695722906443f,0.53125f,-0.48655664010054106f,0.6470601658881174f,-0.587005773135933f,0.25138080450236355f,0.11516351841652199f,0.7135407657859708f,0.6910838875183664f,-0.13939543980206515f,0f,0f,0f,1f], start_interpolation: 0, interpolation_duration: 1 }
$data merge entity $(bone_left_arm) { transformation: [0.8660254037844386f,-0.26864980417341217f,0.4216957229064427f,0.5625f,0.48655664010054106f,0.6470601658881174f,-0.587005773135933f,0.407190425491853f,-0.11516351841652157f,0.7135407657859706f,0.6910838875183666f,-0.29517215245103845f,0f,0f,0f,1f], start_interpolation: 0, interpolation_duration: 1 }