# This file was generated by Animated Java via MC-Build. It is not recommended to edit this file directly.
$data merge entity $(bone_head) { transformation: [0.9990480785542335f,-0.00001966295674303035f,-0.04362265868172518f,0.43750000000000006f,-0.007611972811656436f,0.9845792334992978f,-0.17477354156693725f,0f,0.04295340041264211f,0.1749392253764246f,0.9836418417379813f,-0.3735416666666666f,0f,0f,0f,1f], start_interpolation: 0, interpolation_duration: 1 }
$data merge entity $(bone_right_arm) { transformation: [0.8660254037844386f,0.2686498041734117f,-0.421695722906443f,0.53125f,-0.4861433539478799f,0.6495976141659676f,-0.5845404854089998f,0.2520944498557298f,0.11689584856745942f,0.7112314829838949f,0.6931703529437936f,-0.1396119810709323f,0f,0f,0f,1f], start_interpolation: 0, interpolation_duration: 1 }
$data merge entity $(bone_left_arm) { transformation: [0.8660254037844386f,-0.26864980417341217f,0.4216957229064427f,0.5625f,0.4861433539478799f,0.6495976141659676f,-0.5845404854089998f,0.4072413061811836f,-0.11689584856745901f,0.7112314829838947f,0.6931703529437938f,-0.296387325414304f,0f,0f,0f,1f], start_interpolation: 0, interpolation_duration: 1 }