# This file was generated by Animated Java via MC-Build. It is not recommended to edit this file directly.
$data merge entity $(bone_head) { transformation: [0.9997619879652091f,-0.000010754103312032237f,-0.02181667491169101f,0.43750000000000006f,-0.0038086508495803395f,0.9845576914386618f,-0.17501898870602237f,0f,0.021481657258208386f,0.17506042417783083f,0.9843233139005287f,-0.3809895833333333f,0f,0f,0f,1f], start_interpolation: 0, interpolation_duration: 1 }
$data merge entity $(bone_right_arm) { transformation: [0.8660254037844386f,0.2686498041734117f,-0.421695722906443f,0.53125f,-0.48593439763609025f,0.6508632497484148f,-0.5833050585422543f,0.25245098337798066f,0.11776145886515736f,0.7100734559498195f,0.6942102894378832f,-0.13972018235814454f,0f,0f,0f,1f], start_interpolation: 0, interpolation_duration: 1 }
$data merge entity $(bone_left_arm) { transformation: [0.8660254037844386f,-0.26864980417341217f,0.4216957229064427f,0.5625f,0.48593439763609025f,0.6508632497484148f,-0.5833050585422543f,0.40726453070994517f,-0.11776145886515695f,0.7100734559498193f,0.6942102894378834f,-0.29699381254085744f,0f,0f,0f,1f], start_interpolation: 0, interpolation_duration: 1 }