# This file was generated by Animated Java via MC-Build. It is not recommended to edit this file directly.
$data merge entity $(bone_head) { transformation: [1f,-4.288733419610331e-17f,-2.411453252128808e-16f,0.43750000000000006f,0f,0.9845505062389237f,-0.17510082999426096f,0f,2.4492935982947064e-16f,0.17510082999426096f,0.9845505062389237f,-0.38843749999999994f,0f,0f,0f,1f], start_interpolation: 0, interpolation_duration: 1 }
$data merge entity $(bone_right_arm) { transformation: [0.8660254037844386f,0.2686498041734117f,-0.421695722906443f,0.53125f,-0.4857239000493812f,0.6521268209386153f,-0.5820677815626923f,0.25280732424086655f,0.11862669564992033f,0.7089131767220038f,0.6952480240526387f,-0.13982833695623992f,0f,0f,0f,1f], start_interpolation: 0, interpolation_duration: 1 }
$data merge entity $(bone_left_arm) { transformation: [0.8660254037844386f,-0.26864980417341217f,0.4216957229064427f,0.5625f,0.4857239000493812f,0.6521268209386153f,-0.5820677815626923f,0.4072862799995708f,-0.11862669564991991f,0.7089131767220036f,0.695248024052639f,-0.2975995623181845f,0f,0f,0f,1f], start_interpolation: 0, interpolation_duration: 1 }