# This file was generated by Animated Java via MC-Build. It is not recommended to edit this file directly.
$data merge entity $(bone_head) { transformation: [0.9997619879652091f,0.000010754103311946484f,0.02181667491169053f,0.43750000000000006f,0.0038086508495803395f,0.9845576914386618f,-0.17501898870602237f,0f,-0.021481657258207894f,0.17506042417783083f,0.9843233139005287f,-0.3958854166666666f,0f,0f,0f,1f], start_interpolation: 0, interpolation_duration: 1 }
$data merge entity $(bone_right_arm) { transformation: [0.8660254037844386f,0.2686498041734117f,-0.421695722906443f,0.53125f,-0.48551186185540374f,0.6533883237288046f,-0.5808286583946788f,0.2531634725278438f,0.11949155617741129f,0.7077506489805931f,0.6962835534965983f,-0.1399364445221763f,0f,0f,0f,1f], start_interpolation: 0, interpolation_duration: 1 }
$data merge entity $(bone_left_arm) { transformation: [0.8660254037844386f,-0.26864980417341217f,0.4216957229064427f,0.5625f,0.48551186185540374f,0.6533883237288046f,-0.5808286583946788f,0.40730655553764905f,-0.11949155617741088f,0.7077506489805929f,0.6962835534965985f,-0.2982045714155856f,0f,0f,0f,1f], start_interpolation: 0, interpolation_duration: 1 }