# This file was generated by Animated Java via MC-Build. It is not recommended to edit this file directly.
$data merge entity $(bone_head) { transformation: [0.9990480785542335f,0.000019662956742942055f,0.04362265868172469f,0.43750000000000006f,0.00761197281165644f,0.9845792334992978f,-0.17477354156693725f,0f,-0.042953400412641625f,0.1749392253764246f,0.9836418417379813f,-0.4033333333333333f,0f,0f,0f,1f], start_interpolation: 0, interpolation_duration: 1 }
$data merge entity $(bone_right_arm) { transformation: [0.8660254037844386f,0.2686498041734117f,-0.421695722906443f,0.53125f,-0.4852982837266955f,0.654647754117779f,-0.5795876929684342f,0.2535194283229798f,0.12035603770448676f,0.7065858764128644f,0.697316874485295f,-0.14004450471306074f,0f,0f,0f,1f], start_interpolation: 0, interpolation_duration: 1 }
$data merge entity $(bone_left_arm) { transformation: [0.8660254037844386f,-0.26864980417341217f,0.4216957229064427f,0.5625f,0.4852982837266955f,0.654647754117779f,-0.5795876929684342f,0.40732535881895227f,-0.12035603770448634f,0.7065858764128642f,0.6973168744852952f,-0.2988088365053231f,0f,0f,0f,1f], start_interpolation: 0, interpolation_duration: 1 }