# This file was generated by Animated Java via MC-Build. It is not recommended to edit this file directly.
$data merge entity $(bone_head) { transformation: [0.997858651774204f,0.000024882366635583082f,0.06540726611192259f,0.43750000000000006f,0.011404641311070905f,0.9846150918152196f,-0.1743647186969676f,0f,-0.06440531993503207f,0.17473728952508863f,0.9825064042608025f,-0.41078125f,0f,0f,0f,1f], start_interpolation: 0, interpolation_duration: 1 }
$data merge entity $(bone_right_arm) { transformation: [0.8660254037844386f,0.2686498041734117f,-0.421695722906443f,0.53125f,-0.4850831663406784f,0.6559051081109076f,-0.5783448892200227f,0.25387519171095213f,0.12122013748920517f,0.7054188627132154f,0.6983479837412665f,-0.14015251718615052f,0f,0f,0f,1f], start_interpolation: 0, interpolation_duration: 1 }
$data merge entity $(bone_left_arm) { transformation: [0.8660254037844386f,-0.26864980417341217f,0.4216957229064427f,0.5625f,0.4850831663406784f,0.6559051081109076f,-0.5783448892200227f,0.4073426913454311f,-0.12122013748920475f,0.7054188627132152f,0.6983479837412667f,-0.2994123542626365f,0f,0f,0f,1f], start_interpolation: 0, interpolation_duration: 1 }