# This file was generated by Animated Java via MC-Build. It is not recommended to edit this file directly.
$data merge entity $(bone_head) { transformation: [0.9961943407268465f,0.00002457025115299988f,0.08715982388753618f,0.43750000000000006f,0.015181340394319634f,0.9846651987441452f,-0.17379290343965437f,0f,-0.08582751544601162f,0.1744547098202166f,0.9809175254902466f,-0.41822916666666665f,0f,0f,0f,1f], start_interpolation: 0, interpolation_duration: 1 }
$data merge entity $(bone_right_arm) { transformation: [0.8660254037844386f,0.2686498041734118f,-0.421695722906443f,0.53125f,-0.4848665103796565f,0.6571603817201459f,-0.577100251091339f,0.25423076277704887f,0.12208385279083593f,0.7042496115831515f,0.6993768779940654f,-0.14026048159885438f,0f,0f,0f,1f], start_interpolation: 0, interpolation_duration: 1 }
$data merge entity $(bone_left_arm) { transformation: [0.8660254037844386f,-0.2686498041734121f,0.4216957229064427f,0.5625f,0.4848665103796565f,0.6571603817201459f,-0.577100251091339f,0.40735855462620835f,-0.12208385279083551f,0.7042496115831512f,0.6993768779940657f,-0.30001512136575775f,0f,0f,0f,1f], start_interpolation: 0, interpolation_duration: 1 }