# This file was generated by Animated Java via MC-Build. It is not recommended to edit this file directly.
$data merge entity $(bone_head) { transformation: [0.9940560312434003f,0.00001688769462262072f,0.10886967651015517f,0.43750000000000006f,0.018936767032778128f,0.9847294596577048f,-0.1730586320776607f,0f,-0.10721010028428453f,0.17409161667653794f,0.9788759387174572f,-0.4256770833333333f,0f,0f,0f,1f], start_interpolation: 0, interpolation_duration: 1 }
$data merge entity $(bone_right_arm) { transformation: [0.8660254037844386f,0.2686498041734118f,-0.421695722906443f,0.53125f,-0.484648316530814f,0.6584135709640471f,-0.5758537825300964f,0.254586141607168f,0.12294718086986754f,0.7030781267312753f,0.7004035539802699f,-0.14036839760873332f,0f,0f,0f,1f], start_interpolation: 0, interpolation_duration: 1 }
$data merge entity $(bone_left_arm) { transformation: [0.8660254037844386f,-0.2686498041734121f,0.4216957229064427f,0.5625f,0.484648316530814f,0.6584135709640471f,-0.5758537825300964f,0.40737295017757313f,-0.12294718086986713f,0.7030781267312751f,0.7004035539802701f,-0.30061713449592553f,0f,0f,0f,1f], start_interpolation: 0, interpolation_duration: 1 }