# This file was generated by Animated Java via MC-Build. It is not recommended to edit this file directly.
$data merge entity $(bone_head) { transformation: [0.9914448613738104f,1.2689194108469509e-15f,0.1305261922200519f,0.4375000000000001f,0.02266563541681412f,0.9848077530122082f,-0.1721625934348038f,0f,-0.12854320606946912f,0.17364817766692944f,0.9763825861650424f,-0.433125f,0f,0f,0f,1f], start_interpolation: 0, interpolation_duration: 1 }
$data merge entity $(bone_right_arm) { transformation: [0.8660254037844386f,0.2686498041734118f,-0.421695722906443f,0.53125f,-0.4844285854862129f,0.6596646718677761f,-0.5746054874898135f,0.25494132828781746f,0.12381011898801712f,0.7019044118732742f,0.7014280084434941f,-0.140476264873502f,0f,0f,0f,1f], start_interpolation: 0, interpolation_duration: 1 }
$data merge entity $(bone_left_arm) { transformation: [0.8660254037844386f,-0.2686498041734121f,0.4216957229064427f,0.5625f,0.4844285854862129f,0.6596646718677761f,-0.5746054874898135f,0.407385879522975f,-0.1238101189880167f,0.701904411873274f,0.7014280084434943f,-0.3012183903374013f,0f,0f,0f,1f], start_interpolation: 0, interpolation_duration: 1 }