# This file was generated by Animated Java via MC-Build. It is not recommended to edit this file directly.
$data merge entity $(bone_head) { transformation: [0.9930682343506648f,-0.0020573425604865567f,0.11752127154367356f,0.43750000000000006f,0.020431796705784464f,0.9876464201004473f,-0.15536116164004485f,0f,-0.11574983199567306f,0.15668540520533322f,0.9808423217768563f,-0.4210624999999999f,0f,0f,0f,1f], start_interpolation: 0, interpolation_duration: 1 }
$data merge entity $(bone_right_arm) { transformation: [0.8660254037844386f,0.2686498041734118f,-0.421695722906443f,0.53125f,-0.48420731794279065f,0.6609136804631217f,-0.5733553699298019f,0.25529632290611415f,0.12467266440823864f,0.7007284707319078f,0.7024502381343982f,-0.1405840830510297f,0f,0f,0f,1f], start_interpolation: 0, interpolation_duration: 1 }
$data merge entity $(bone_left_arm) { transformation: [0.8660254037844386f,-0.2686498041734121f,0.4216957229064427f,0.5625f,0.48420731794279065f,0.6609136804631217f,-0.5733553699298019f,0.40739734419301765f,-0.12467266440823822f,0.7007284707319076f,0.7024502381343984f,-0.30181888557748315f,0f,0f,0f,1f], start_interpolation: 0, interpolation_duration: 1 }