# This file was generated by Animated Java via MC-Build. It is not recommended to edit this file directly.
$data merge entity $(bone_head) { transformation: [0.9945215620156662f,-0.0036598344427448757f,0.10446754662463843f,0.43750000000000006f,0.01818763750205602f,0.9902017496101712f,-0.1384547034630812f,0f,-0.10293722615270487f,0.13959620582525745f,0.9848435544751152f,-0.4089999999999999f,0f,0f,0f,1f], start_interpolation: 0, interpolation_duration: 1 }
$data merge entity $(bone_right_arm) { transformation: [0.8660254037844386f,0.2686498041734118f,-0.421695722906443f,0.53125f,-0.4839845146023583f,0.6621605927885089f,-0.5721034338151538f,0.2556511255497846f,0.12553481439473152f,0.699550307036998f,0.703470239810699f,-0.14069185179934132f,0f,0f,0f,1f], start_interpolation: 0, interpolation_duration: 1 }
$data merge entity $(bone_left_arm) { transformation: [0.8660254037844386f,-0.2686498041734121f,0.4216957229064427f,0.5625f,0.4839845146023583f,0.6621605927885089f,-0.5721034338151538f,0.4074073457254536f,-0.12553481439473108f,0.6995503070369978f,0.7034702398106992f,-0.3024186169065217f,0f,0f,0f,1f], start_interpolation: 0, interpolation_duration: 1 }