# This file was generated by Animated Java via MC-Build. It is not recommended to edit this file directly.
$data merge entity $(bone_head) { transformation: [0.9958045659156672f,-0.004805823602874678f,0.09137926767603059f,0.43750000000000006f,0.015934296938626778f,0.99246991489535f,-0.12144779211121344f,0f,-0.09010751734778438f,0.12239433028990722f,0.988382650207046f,-0.39693749999999983f,0f,0f,0f,1f], start_interpolation: 0, interpolation_duration: 1 }
$data merge entity $(bone_right_arm) { transformation: [0.8660254037844386f,0.2686498041734118f,-0.421695722906443f,0.53125f,-0.48376017617159806f,0.6634054048890108f,-0.5708496831167307f,0.256005736307164f,0.12639656621294904f,0.6983699245254159f,0.7044880102371796f,-0.1407995707766185f,0f,0f,0f,1f], start_interpolation: 0, interpolation_duration: 1 }
$data merge entity $(bone_left_arm) { transformation: [0.8660254037844386f,-0.2686498041734121f,0.4216957229064427f,0.5625f,0.48376017617159806f,0.6634054048890108f,-0.5708496831167307f,0.4074158856651777f,-0.1263965662129486f,0.6983699245254157f,0.7044880102371798f,-0.3030175810179344f,0f,0f,0f,1f], start_interpolation: 0, interpolation_duration: 1 }