# This file was generated by Animated Java via MC-Build. It is not recommended to edit this file directly.
$data merge entity $(bone_head) { transformation: [0.9969170002205391f,-0.005494099219244488f,0.07827074514178838f,0.43750000000000006f,0.013672916824376834f,0.9944471544649549f,-0.10434514038549088f,0f,-0.07726283722977925f,0.10509363372880025f,0.9914563944687035f,-0.3848749999999999f,0f,0f,0f,1f], start_interpolation: 0, interpolation_duration: 1 }
$data merge entity $(bone_right_arm) { transformation: [0.8660254037844386f,0.2686498041734118f,-0.421695722906443f,0.53125f,-0.48353430336206127f,0.6646481128163632f,-0.5695941218111482f,0.2563601552671964f,0.12725791712960788f,0.6971873269410702f,0.7055035461857009f,-0.14090723964120086f,0f,0f,0f,1f], start_interpolation: 0, interpolation_duration: 1 }
$data merge entity $(bone_left_arm) { transformation: [0.8660254037844386f,-0.2686498041734121f,0.4216957229064427f,0.5625f,0.48353430336206127f,0.6646481128163632f,-0.5695941218111482f,0.4074229655642212f,-0.12725791712960743f,0.69718732694107f,0.7055035461857011f,-0.30361577460822076f,0f,0f,0f,1f], start_interpolation: 0, interpolation_duration: 1 }