# This file was generated by Animated Java via MC-Build. It is not recommended to edit this file directly.
$data merge entity $(bone_head) { transformation: [0.997858651774204f,-0.005723893810725944f,0.06515633598516384f,0.43750000000000006f,0.011404641311070905f,0.9961297770665236f,-0.08715160008837373f,0f,-0.06440531993503205f,0.08770806280520362f,0.9940619952915535f,-0.37281249999999994f,0f,0f,0f,1f], start_interpolation: 0, interpolation_duration: 1 }
$data merge entity $(bone_right_arm) { transformation: [0.8660254037844386f,0.2686498041734118f,-0.421695722906443f,0.53125f,-0.4833068968901656f,0.6658887126289752f,-0.5683367538807647f,0.2567143825194339f,0.12811886441269643f,0.6960025180348945f,0.7065168444352106f,-0.14101485805158692f,0f,0f,0f,1f], start_interpolation: 0, interpolation_duration: 1 }
$data merge entity $(bone_left_arm) { transformation: [0.8660254037844386f,-0.2686498041734121f,0.4216957229064427f,0.5625f,0.4833068968901656f,0.6658887126289752f,-0.5683367538807647f,0.4074285869817454f,-0.128118864412696f,0.6960025180348943f,0.7065168444352108f,-0.30421319437697736f,0f,0f,0f,1f], start_interpolation: 0, interpolation_duration: 1 }