# This file was generated by Animated Java via MC-Build. It is not recommended to edit this file directly.
$data merge entity $(bone_head) { transformation: [0.9986293401388846f,-0.005494884926198687f,0.05205042990623353f,0.43750000000000006f,0.00913061655976637f,0.9975141667784782f,-0.0698721612480747f,0f,-0.05153710173277515f,0.0702516427984874f,0.9961970858364821f,-0.36075f,0f,0f,0f,1f], start_interpolation: 0, interpolation_duration: 1 }
$data merge entity $(bone_right_arm) { transformation: [0.8660254037844386f,0.2686498041734118f,-0.421695722906443f,0.53125f,-0.48307795747719356f,0.667127200391942f,-0.5670775833136701f,0.2570684181540369f,0.12897940533148233f,0.694815501564838f,0.7075279017717534f,-0.14112242566643518f,0f,0f,0f,1f], start_interpolation: 0, interpolation_duration: 1 }
$data merge entity $(bone_left_arm) { transformation: [0.8660254037844386f,-0.2686498041734121f,0.4216957229064427f,0.5625f,0.48307795747719356f,0.667127200391942f,-0.5670775833136701f,0.4074327514840361f,-0.1289794053314819f,0.6948155015648377f,0.7075279017717536f,-0.30480983702691244f,0f,0f,0f,1f], start_interpolation: 0, interpolation_duration: 1 }