# This file was generated by Animated Java via MC-Build. It is not recommended to edit this file directly.
$data merge entity $(bone_head) { transformation: [0.9992289176325635f,-0.004807196403041224f,0.038967435501944356f,0.43750000000000006f,0.0068519904067109935f,0.9985967881046702f,-0.05251195115878595f,0f,-0.038660320670190346f,0.05273846461340118f,0.9978597265928207f,-0.3486874999999998f,0f,0f,0f,1f], start_interpolation: 0, interpolation_duration: 1 }
$data merge entity $(bone_right_arm) { transformation: [0.8660254037844386f,0.2686498041734118f,-0.421695722906443f,0.53125f,-0.4828474858492895f,0.6683635721770588f,-0.5658166141036703f,0.25742226226177345f,0.12983953715652347f,0.6936262812958498f,0.7085367149884829f,-0.1412299421445653f,0f,0f,0f,1f], start_interpolation: 0, interpolation_duration: 1 }
$data merge entity $(bone_left_arm) { transformation: [0.8660254037844386f,-0.2686498041734121f,0.4216957229064427f,0.5625f,0.4828474858492895f,0.6683635721770588f,-0.5658166141036703f,0.4074354606444971f,-0.12983953715652302f,0.6936262812958496f,0.7085367149884831f,-0.3054056992638614f,0f,0f,0f,1f], start_interpolation: 0, interpolation_duration: 1 }