# This file was generated by Animated Java via MC-Build. It is not recommended to edit this file directly.
$data merge entity $(bone_head) { transformation: [0.9996572693596416f,-0.0036613991927514668f,0.025921766382254043f,0.43750000000000006f,0.004569912028815589f,0.9993741910645914f,-0.03507623323623069f,0f,-0.025777116217174555f,0.03518267172835069f,0.9990484071803435f,-0.33662499999999984f,0f,0f,0f,1f], start_interpolation: 0, interpolation_duration: 1 }
$data merge entity $(bone_right_arm) { transformation: [0.8660254037844386f,0.2686498041734118f,-0.421695722906443f,0.53125f,-0.48261548273745775f,0.6695978240628312f,-0.5645538502502772f,0.2577759149340189f,0.13069925715967423f,0.6924348609998701f,0.7095432808856695f,-0.14133740714495915f,0f,0f,0f,1f], start_interpolation: 0, interpolation_duration: 1 }
$data merge entity $(bone_left_arm) { transformation: [0.8660254037844386f,-0.2686498041734121f,0.4216957229064427f,0.5625f,0.48261548273745775f,0.6695978240628312f,-0.5645538502502772f,0.40743671604364373f,-0.1306992571596738f,0.6924348609998698f,0.7095432808856698f,-0.3060007777968009f,0f,0f,0f,1f], start_interpolation: 0, interpolation_duration: 1 }