# This file was generated by Animated Java via MC-Build. It is not recommended to edit this file directly.
$data merge entity $(bone_head) { transformation: [0.9999143132347919f,-0.0020585117522687567f,0.01292782725597706f,0.43750000000000006f,0.0022855316087859803f,0.9998430162726633f,-0.017570405688202895f,0f,-0.012889628910866755f,0.017598447094802537f,0.9997620477525597f,-0.3245624999999999f,0f,0f,0f,1f], start_interpolation: 0, interpolation_duration: 1 }
$data merge entity $(bone_right_arm) { transformation: [0.8660254037844386f,0.2686498041734118f,-0.421695722906443f,0.53125f,-0.48238194887756025f,0.6708299521344893f,-0.5632892957586944f,0.2581293762627562f,0.1315585626140957f,0.6912412444558171f,0.710547596270712f,-0.14144482032676184f,0f,0f,0f,1f], start_interpolation: 0, interpolation_duration: 1 }
$data merge entity $(bone_left_arm) { transformation: [0.8660254037844386f,-0.2686498041734121f,0.4216957229064427f,0.5625f,0.48238194887756025f,0.6708299521344893f,-0.5632892957586944f,0.40743651926909735f,-0.13155856261409526f,0.6912412444558169f,0.7105475962707122f,-0.3065950693378643f,0f,0f,0f,1f], start_interpolation: 0, interpolation_duration: 1 }